p,Sigma
0.0,8.432437651481428e-21
0.05263157894736842,3.6237352722955934e-21
0.10526315789473684,1.5231601127763766e-21
0.15789473684210525,6.5516347628233685e-22
0.21052631578947367,4.595767918088738e-22
0.2631578947368421,3.535907404659446e-22
0.3157894736842105,2.9007508532423215e-22
0.3684210526315789,2.9802720482762042e-22
0.42105263157894735,3.4888024929514776e-22
0.47368421052631576,3.895778800019786e-22
0.5263157894736842,1.1649348568036805e-21
0.5789473684210527,1.8828035811445817e-21
0.631578947368421,9.116294603551468e-21
0.6842105263157894,1.5695761784636695e-20
0.7368421052631579,5.010412702181334e-20
0.7894736842105263,2.008077574318643e-19
0.8421052631578947,7.427461198001683e-19
0.894736842105263,1.2630224021368157e-18
0.9473684210526315,1.4985714754909238e-18
1.0,1.5758870969975768e-18
