p,Sigma (σ)
0.0,1.202061631300391e-21
0.05263157894736842,5.963076618687245e-22
0.10526315789473684,3.400417470445665e-22
0.15789473684210525,2.2336845229262507e-22
0.21052631578947367,1.6886857595093242e-22
0.2631578947368421,1.3652826828906368e-22
0.3157894736842105,1.2599297620814168e-22
0.3684210526315789,1.777830538655587e-22
0.42105263157894735,2.9557065835682846e-22
0.47368421052631576,6.068176287282981e-22
0.5263157894736842,1.2954103971904835e-21
0.5789473684210527,3.090892615125885e-21
0.631578947368421,5.191822327743979e-21
0.6842105263157894,7.937405549784836e-21
0.7368421052631579,1.2470290943265572e-20
0.7894736842105263,1.537182687836969e-20
0.8421052631578947,1.7222315477073755e-20
0.894736842105263,1.7740064302319836e-20
0.9473684210526315,2.2337782262452398e-20
1.0,2.3202056091408227e-20
