p,Sigma (σ)
0.0,1.1570587129643372e-21
0.05263157894736842,5.706785378641738e-22
0.10526315789473684,3.5847850818618e-22
0.15789473684210525,2.2354572884206368e-22
0.21052631578947367,1.5873848741158436e-22
0.2631578947368421,1.414666864519959e-22
0.3157894736842105,1.3462887668793593e-22
0.3684210526315789,1.8586179947568882e-22
0.42105263157894735,2.5049176435672956e-22
0.47368421052631576,5.031361725280706e-22
0.5263157894736842,1.3532025523074644e-21
0.5789473684210527,2.3596774991343924e-21
0.631578947368421,5.486607904239008e-21
0.6842105263157894,8.827916308057578e-21
0.7368421052631579,1.1826574467032699e-20
0.7894736842105263,1.5104443191373602e-20
0.8421052631578947,1.757170223079587e-20
0.894736842105263,1.8943822723450567e-20
0.9473684210526315,2.226671969134887e-20
1.0,2.2243445812929718e-20
