p,Sigma (σ)
0.0,1.2501035761982495e-21
0.05263157894736842,6.055260424395312e-22
0.10526315789473684,3.4720878468615537e-22
0.15789473684210525,2.0781876638472577e-22
0.21052631578947367,1.5795340554978488e-22
0.2631578947368421,1.5590206262056688e-22
0.3157894736842105,1.4361933026660736e-22
0.3684210526315789,1.772258989958946e-22
0.42105263157894735,3.0028114952762534e-22
0.47368421052631576,5.174702478112481e-22
0.5263157894736842,1.1884366622149678e-21
0.5789473684210527,2.685917000544097e-21
0.631578947368421,5.267139536034032e-21
0.6842105263157894,8.358006825938567e-21
0.7368421052631579,1.1342178958302421e-20
0.7894736842105263,1.459601404758372e-20
0.8421052631578947,1.8103481228668948e-20
0.894736842105263,2.084073245288619e-20
0.9473684210526315,2.1426150269575114e-20
1.0,2.3436770242864922e-20
