p,Sigma
0.0,9.845179799178912e-21
0.05263157894736842,7.447197902755109e-21
0.10526315789473684,4.730672206558838e-21
0.15789473684210525,3.259039422268389e-21
0.21052631578947367,1.9619132413315532e-21
0.2631578947368421,2.0256220012860473e-21
0.3157894736842105,1.4265222337636647e-21
0.3684210526315789,1.833308601671861e-21
0.42105263157894735,1.908492852549835e-21
0.47368421052631576,2.3675124894890446e-21
0.5263157894736842,7.115200079141319e-21
0.5789473684210527,1.9175545333135484e-20
0.631578947368421,3.515615571054065e-20
0.6842105263157894,5.548202008210913e-20
0.7368421052631579,1.9173922936142855e-19
0.7894736842105263,5.071763367463028e-19
0.8421052631578947,1.0821059504377507e-18
0.894736842105263,1.3999707177128165e-18
0.9473684210526315,1.5635372211505175e-18
1.0,1.5703057822624529e-18
