p,Sigma
0.0,8.35286580600485e-21
0.05263157894736842,3.625330761240541e-21
0.10526315789473684,1.4063095414749968e-21
0.15789473684210525,9.165704110402139e-22
0.21052631578947367,4.704919622100214e-22
0.2631578947368421,3.379650788940002e-22
0.3157894736842105,2.918225255972697e-22
0.3684210526315789,3.003571251916704e-22
0.42105263157894735,3.121080278973142e-22
0.47368421052631576,5.104551614977496e-22
0.5263157894736842,1.362547558985013e-21
0.5789473684210527,2.1935946975317806e-21
0.631578947368421,3.674056487114805e-21
0.6842105263157894,1.4110808131770296e-20
0.7368421052631579,5.571039659692339e-20
0.7894736842105263,1.815319717069793e-19
0.8421052631578947,6.608171040213684e-19
0.894736842105263,1.2419546797249843e-18
0.9473684210526315,1.5436552825839644e-18
1.0,1.577576593164169e-18
