p,Sigma
0.0,1.0472374734134641e-20
0.05263157894736842,6.4167779591432974e-21
0.10526315789473684,4.224959192758571e-21
0.15789473684210525,3.600534203887818e-21
0.21052631578947367,3.1593213632091814e-21
0.2631578947368421,1.6900628184201421e-21
0.3157894736842105,1.9528119899094827e-21
0.3684210526315789,1.4324578325171891e-21
0.42105263157894735,2.042241677795915e-21
0.47368421052631576,4.107038630855222e-21
0.5263157894736842,3.7592125438987e-21
0.5789473684210527,1.3042884700994218e-20
0.631578947368421,2.168907355196123e-20
0.6842105263157894,8.071187614383938e-20
0.7368421052631579,1.9838828708512646e-19
0.7894736842105263,7.903115200079144e-19
0.8421052631578947,1.0682388089231838e-18
0.894736842105263,1.410807933917001e-18
0.9473684210526315,1.5619907998219325e-18
1.0,1.5719218479497458e-18
