p,Sigma (σ)
0.0,1.249191868229708e-21
0.05263157894736842,5.718941484888957e-22
0.10526315789473684,3.432327249344612e-22
0.15789473684210525,2.4464163822525605e-22
0.21052631578947367,1.6595617549586985e-22
0.2631578947368421,1.4635445417223133e-22
0.3157894736842105,1.4453103823514868e-22
0.3684210526315789,1.9753672651728747e-22
0.42105263157894735,2.5763347677696995e-22
0.47368421052631576,4.857883959044369e-22
0.5263157894736842,1.1326958500272051e-21
0.5789473684210527,2.882035514665876e-21
0.631578947368421,5.370770341791563e-21
0.6842105263157894,8.232900232477621e-21
0.7368421052631579,1.2043839540980367e-20
0.7894736842105263,1.446875481030816e-20
0.8421052631578947,1.741488846020676e-20
0.894736842105263,2.0532955037839444e-20
0.9473684210526315,2.153033823020231e-20
1.0,2.2477248256417873e-20
