p,Sigma (σ)
0.0,1.2171301380026714e-21
0.05263157894736842,5.576107236484148e-22
0.10526315789473684,3.3376109215017073e-22
0.15789473684210525,2.1921511599149236e-22
0.21052631578947367,1.5248315773853693e-22
0.2631578947368421,1.5716832368798542e-22
0.3157894736842105,1.3561656032052237e-22
0.3684210526315789,1.5552218430034132e-22
0.42105263157894735,2.9762200128604646e-22
0.47368421052631576,6.580252262947026e-22
0.5263157894736842,1.3416036009299109e-21
0.5789473684210527,2.8035273284859283e-21
0.631578947368421,4.975722213978337e-21
0.6842105263157894,8.664391353811151e-21
0.7368421052631579,1.2448308651135187e-20
0.7894736842105263,1.4694174605530005e-20
0.8421052631578947,1.7561774744027308e-20
0.894736842105263,1.897140188949894e-20
0.9473684210526315,2.1009702329722515e-20
1.0,2.0912149577088594e-20
