p,Sigma
0.0,1.0947222634416583e-20
0.05263157894736842,7.139733887322553e-21
0.10526315789473684,4.509867932927735e-21
0.15789473684210525,2.6413414453182975e-21
0.21052631578947367,2.1957758322204094e-21
0.2631578947368421,2.0529257555522587e-21
0.3157894736842105,1.5040807241430485e-21
0.3684210526315789,1.1139140327447201e-21
0.42105263157894735,2.9824405203541587e-21
0.47368421052631576,4.723153781471041e-21
0.5263157894736842,3.109066627096009e-21
0.5789473684210527,1.1185042291141124e-20
0.631578947368421,2.719730919523174e-20
0.6842105263157894,1.3628451303358562e-19
0.7368421052631579,1.706381757926498e-19
0.7894736842105263,6.652797150912601e-19
0.8421052631578947,1.3036046891230159e-18
0.894736842105263,1.377309393085028e-18
0.9473684210526315,1.5582846119602321e-18
1.0,1.5661991393381812e-18
