p,Sigma
0.0,8.42370045011624e-21
0.05263157894736842,3.335736855121928e-21
0.10526315789473684,1.7072238215363313e-21
0.15789473684210525,8.115213928871742e-22
0.21052631578947367,4.392153138447842e-22
0.2631578947368421,3.479178908839097e-22
0.3157894736842105,3.258342978681308e-22
0.3684210526315789,2.833385764455657e-22
0.42105263157894735,3.5584468516594955e-22
0.47368421052631576,7.047249344610973e-22
0.5263157894736842,6.089955977642579e-22
0.5789473684210527,2.2680508482959892e-21
0.631578947368421,4.0848822278280665e-21
0.6842105263157894,1.2388541128753033e-20
0.7368421052631579,5.478698837611912e-20
0.7894736842105263,1.792332266904091e-19
0.8421052631578947,6.382929028045705e-19
0.894736842105263,1.3003553745857448e-18
0.9473684210526315,1.5341915512687347e-18
1.0,1.5775720852747691e-18
