p,Sigma
0.0,8.281474007023794e-21
0.05263157894736842,3.44696522728397e-21
0.10526315789473684,1.462227630212198e-21
0.15789473684210525,6.739547905228275e-22
0.21052631578947367,4.289839244200427e-22
0.2631578947368421,3.135515655141713e-22
0.3157894736842105,2.5841855863876943e-22
0.3684210526315789,3.450308156501955e-22
0.42105263157894735,3.9856833358065e-22
0.47368421052631576,5.072135331651581e-22
0.5263157894736842,1.1951984963149828e-21
0.5789473684210527,3.7414975515655154e-21
0.631578947368421,6.755274867685613e-21
0.6842105263157894,1.5871949349557305e-20
0.7368421052631579,3.882685660582679e-20
0.7894736842105263,1.711633195825296e-19
0.8421052631578947,7.299141340456054e-19
0.894736842105263,1.293682077459564e-18
0.9473684210526315,1.5328484788049663e-18
1.0,1.5764882164515016e-18
