p,Sigma
0.0,8.49752347034674e-21
0.05263157894736842,3.712956027105901e-21
0.10526315789473684,1.4803351634762829e-21
0.15789473684210525,8.943855171390416e-22
0.21052631578947367,4.688458228223773e-22
0.2631578947368421,2.991921650096454e-22
0.3157894736842105,3.694443290300243e-22
0.3684210526315789,2.9341801454221703e-22
0.42105263157894735,4.444829598852451e-22
0.47368421052631576,5.493293762674978e-22
0.5263157894736842,1.1041290003462436e-21
0.5789473684210527,2.581855666023644e-21
0.631578947368421,5.3852563684028305e-21
0.6842105263157894,1.4672648167383888e-20
0.7368421052631579,5.810119879309494e-20
0.7894736842105263,1.8026046831874168e-19
0.8421052631578947,7.148099694316667e-19
0.894736842105263,1.2077136129000349e-18
0.9473684210526315,1.4981205092743734e-18
1.0,1.5776711322154628e-18
